
Searching for pair #1
   1.100000 [(0, 1)]
   0.700000 [(0, 5)]
   0.600000 [(1, 2)]

Searching for pair #2
   1.000000 [(1, 2), (0, 3)]
   0.700000 [(1, 2), (0, 4)]
Solution: [(1, 2), (0, 5)]
example3.txt z00,z01,z02,z05

Searching for pair #1
   9.550000 [(0, 1)]
   9.500000 [(0, 5)]
   9.300000 [(0, 7)]
   7.650000 [(0, 19)]
   7.500000 [(0, 219)]
   7.400000 [(19, 105)]
   7.300000 [(41, 189)]
   7.200000 [(60, 128)]

Searching for pair #2
   6.750000 [(60, 128), (0, 1)]
   6.700000 [(60, 128), (0, 11)]
   6.250000 [(60, 128), (0, 27)]
   6.200000 [(60, 128), (0, 52)]
   5.900000 [(60, 128), (1, 105)]
   5.800000 [(60, 128), (1, 189)]
   5.400000 [(60, 128), (9, 80)]
   4.800000 [(60, 128), (9, 132)]
   4.500000 [(60, 128), (41, 189)]
   4.450000 [(60, 128), (103, 132)]

Searching for pair #3
   5.200000 [(60, 128), (103, 132), (0, 1)]
   4.700000 [(60, 128), (103, 132), (0, 4)]
   4.550000 [(60, 128), (103, 132), (0, 7)]
   3.950000 [(60, 128), (103, 132), (0, 11)]
   3.850000 [(60, 128), (103, 132), (0, 36)]
   3.800000 [(60, 128), (103, 132), (0, 41)]
   3.450000 [(60, 128), (103, 132), (0, 52)]
   3.400000 [(60, 128), (103, 132), (4, 41)]
   3.350000 [(60, 128), (103, 132), (6, 105)]
   3.250000 [(60, 128), (103, 132), (11, 104)]
   2.900000 [(60, 128), (103, 132), (36, 105)]
   2.850000 [(60, 128), (103, 132), (36, 179)]
   2.550000 [(60, 128), (103, 132), (37, 105)]
   2.100000 [(60, 128), (103, 132), (41, 179)]
   1.750000 [(60, 128), (103, 132), (41, 189)]

Searching for pair #4
   2.550000 [(60, 128), (103, 132), (41, 189), (0, 1)]
   2.000000 [(60, 128), (103, 132), (41, 189), (0, 4)]
   1.750000 [(60, 128), (103, 132), (41, 189), (0, 52)]
   1.700000 [(60, 128), (103, 132), (41, 189), (9, 155)]
   1.500000 [(60, 128), (103, 132), (41, 189), (9, 160)]
   1.350000 [(60, 128), (103, 132), (41, 189), (24, 39)]

Searching for pair #4
   4.950000 [(103, 132), (41, 189), (24, 39), (0, 1)]
   4.400000 [(103, 132), (41, 189), (24, 39), (0, 4)]
   3.050000 [(103, 132), (41, 189), (24, 39), (0, 19)]
   2.900000 [(103, 132), (41, 189), (24, 39), (0, 219)]
   2.850000 [(103, 132), (41, 189), (24, 39), (19, 128)]
   2.050000 [(103, 132), (41, 189), (24, 39), (32, 93)]
   1.350000 [(103, 132), (41, 189), (24, 39), (60, 128)]

Searching for pair #4
   4.450000 [(41, 189), (24, 39), (60, 128), (0, 1)]
   3.900000 [(41, 189), (24, 39), (60, 128), (0, 4)]
   3.650000 [(41, 189), (24, 39), (60, 128), (0, 52)]
   3.500000 [(41, 189), (24, 39), (60, 128), (1, 13)]
   3.200000 [(41, 189), (24, 39), (60, 128), (1, 73)]
   3.050000 [(41, 189), (24, 39), (60, 128), (4, 9)]
   3.000000 [(41, 189), (24, 39), (60, 128), (4, 22)]
   2.000000 [(41, 189), (24, 39), (60, 128), (6, 9)]
   1.750000 [(41, 189), (24, 39), (60, 128), (9, 36)]
   1.350000 [(41, 189), (24, 39), (60, 128), (9, 132)]
   0.900000 [(41, 189), (24, 39), (60, 128), (9, 160)]

Searching for pair #4
   4.350000 [(24, 39), (60, 128), (9, 160), (0, 1)]
   3.850000 [(24, 39), (60, 128), (9, 160), (0, 4)]
   3.100000 [(24, 39), (60, 128), (9, 160), (0, 11)]
   2.850000 [(24, 39), (60, 128), (9, 160), (0, 37)]
   2.600000 [(24, 39), (60, 128), (9, 160), (0, 52)]
   2.500000 [(24, 39), (60, 128), (9, 160), (4, 37)]
   2.450000 [(24, 39), (60, 128), (9, 160), (4, 120)]
   2.400000 [(24, 39), (60, 128), (9, 160), (11, 104)]
   2.000000 [(24, 39), (60, 128), (9, 160), (21, 37)]
   1.750000 [(24, 39), (60, 128), (9, 160), (37, 105)]
   1.500000 [(24, 39), (60, 128), (9, 160), (37, 179)]
   1.400000 [(24, 39), (60, 128), (9, 160), (37, 189)]
   1.250000 [(24, 39), (60, 128), (9, 160), (41, 179)]
   0.900000 [(24, 39), (60, 128), (9, 160), (41, 189)]

Searching for pair #4
   6.950000 [(60, 128), (9, 160), (41, 189), (0, 1)]
   6.750000 [(60, 128), (9, 160), (41, 189), (0, 2)]
   6.400000 [(60, 128), (9, 160), (41, 189), (0, 4)]
   5.450000 [(60, 128), (9, 160), (41, 189), (0, 7)]
   3.500000 [(60, 128), (9, 160), (41, 189), (0, 13)]
   1.850000 [(60, 128), (9, 160), (41, 189), (0, 37)]
   1.600000 [(60, 128), (9, 160), (41, 189), (1, 37)]
   1.450000 [(60, 128), (9, 160), (41, 189), (1, 89)]
   1.250000 [(60, 128), (9, 160), (41, 189), (3, 89)]
   0.900000 [(60, 128), (9, 160), (41, 189), (24, 39)]
   0.400000 [(60, 128), (9, 160), (41, 189), (24, 120)]
Solution: [(60, 128), (9, 160), (41, 189), (120, 138)]
input.txt bhd,brk,dhg,dpd,nbf,z06,z23,z38
